146.98456,
135.38263,
143.61066,
136.01451,
137.6205,
122.47244,
138.49231,
134.83319,
130.1026,
141.29944,
127.62603,
145.02817,
129.99867,
135.74557,
150.3498,
153.29034,
148.04837,
143.41774,
133.26456,
130.44328,
132.7159,
133.9595,
123.421364,
142.58342,
129.10765,
146.13359,
130.9867,
125.98808,
131.71938,
138.02922,
143.12805,
136.4688,
130.52582,
125.91477,
149.26138,
141.15451,
124.432884,
137.53404,
147.48868,
126.2731,
136.54988,
125.61537,
136.81006,
142.35527,
145.00229,
129.26738,
140.0277,
134.64435,
126.86428,
135.38608,
124.49425,
138.23528,
137.21797,
134.97237,
127.15765,
143.77426,
142.17584,
141.18356,
128.99591,
157.90135,
141.61867,
139.37239,
141.59834,
141.0035,
143.72763,
144.70137,
129.88612,
132.11496,
135.37825,
141.7437,
135.20876,
145.85797,
130.81902,
146.47208,
143.45987,
145.73344,
132.15186,
127.34196,
137.42639,
129.12497,
124.197876,
144.09857,
134.14285,
138.277,
138.80948,
130.32188,
136.78777,
134.51578,
130.23753,
129.79375,
149.49449,
123.88549,
131.27031,
140.89128,
128.95435,
128.95807,
129.6066,
134.28539,
135.63902,
140.06049,
130.67232,
143.48216,
121.6738,
135.63,
131.81303,
135.63034,
134.35217,
138.4214,
132.74663,
127.302,
129.76343,
144.4511,
136.49976,